   5.0494414e-03   3.0567203e+01
   5.1022452e-03   2.9985395e+01
   5.1550490e-03   2.7987367e+01
   5.2078528e-03   2.8713505e+01
   5.2606565e-03   2.8604972e+01
   5.3134603e-03   2.7424758e+01
   5.3662641e-03   2.7076206e+01
   5.4190679e-03   2.5969653e+01
   5.4718717e-03   2.4925142e+01
   5.5246755e-03   2.3708509e+01
   5.5774793e-03   2.3670301e+01
   5.6302831e-03   2.3402875e+01
   5.6830869e-03   2.2260059e+01
   5.7358907e-03   2.1640207e+01
   5.7886945e-03   2.0609587e+01
   5.8414983e-03   2.0093197e+01
   5.8943020e-03   2.0183506e+01
   5.9471058e-03   1.9528115e+01
   5.9999096e-03   1.8715841e+01
   6.0527134e-03   1.7835446e+01
   6.1055172e-03   1.8155236e+01
   6.1583210e-03   1.9070852e+01
   6.2111248e-03   1.8118747e+01
   6.2639286e-03   1.6883355e+01
   6.3167324e-03   1.6445900e+01
   6.3695362e-03   1.5936352e+01
   6.4223399e-03   1.5749363e+01
   6.4751437e-03   1.5359434e+01
   6.5279475e-03   1.5444352e+01
   6.5807513e-03   1.5653009e+01
   6.6335551e-03   1.4865481e+01
   6.6863589e-03   1.4875064e+01
   6.7391627e-03   1.4254034e+01
   6.7919665e-03   1.4047011e+01
   6.8447702e-03   1.4054610e+01
   6.8975740e-03   1.3900944e+01
   6.9503778e-03   1.3376146e+01
   7.0031816e-03   1.3478327e+01
   7.0559854e-03   1.2951974e+01
   7.1087892e-03   1.3340900e+01
   7.1615930e-03   1.3832793e+01
   7.2143968e-03   1.3503335e+01
   7.2672005e-03   1.2868636e+01
   7.3200043e-03   1.2494924e+01
   7.3728081e-03   1.1902520e+01
   7.4256119e-03   1.1668507e+01
   7.4784157e-03   1.1737433e+01
   7.5312195e-03   1.2457701e+01
   7.5840233e-03   1.1593647e+01
   7.6368270e-03   1.1713598e+01
   7.6896308e-03   1.1660800e+01
   7.7424346e-03   1.1586670e+01
   7.7952384e-03   1.1472829e+01
   7.8480422e-03   1.1770281e+01
   7.9008460e-03   1.1252856e+01
   7.9536497e-03   1.1248156e+01
   8.0064535e-03   1.0867538e+01
   8.0592573e-03   1.0543330e+01
   8.1120611e-03   1.0467384e+01
   8.1648649e-03   1.0578422e+01
   8.2176687e-03   1.0536522e+01
   8.2704724e-03   1.0498663e+01
   8.3232762e-03   1.0522860e+01
   8.3760800e-03   1.0142639e+01
   8.4288838e-03   1.0270278e+01
   8.4816876e-03   1.0485937e+01
   8.5344913e-03   1.0567932e+01
   8.5872951e-03   1.0117184e+01
   8.6400989e-03   9.8302607e+00
   8.6929027e-03   9.4707191e+00
   8.7457065e-03   9.2953503e+00
   8.7985102e-03   9.9512246e+00
   8.8513140e-03   9.6667639e+00
   8.9041178e-03   9.9366483e+00
   8.9569216e-03   9.6357401e+00
   9.0097254e-03   9.9893570e+00
   9.0625291e-03   1.0215556e+01
   9.1153329e-03   1.0152345e+01
   9.1681367e-03   1.0381886e+01
   9.2209405e-03   9.8949830e+00
   9.2737442e-03   9.7156196e+00
   9.3265480e-03   9.4832746e+00
   9.3793518e-03   9.4026368e+00
   9.4321556e-03   9.1022467e+00
   9.4849594e-03   9.3221230e+00
   9.5377631e-03   9.5010467e+00
   9.5905669e-03   9.8761522e+00
   9.6433707e-03   9.6771286e+00
   9.6961745e-03   9.7122075e+00
   9.7489782e-03   9.3895110e+00
   9.8017820e-03   9.1191868e+00
   9.8545858e-03   9.6429437e+00
   9.9073896e-03   9.4864038e+00
   9.9601933e-03   9.5666466e+00
   1.0012997e-02   9.5708189e+00
   1.0065801e-02   9.2173824e+00
   1.0118605e-02   9.0089089e+00
   1.0171408e-02   9.0847298e+00
   1.0224212e-02   9.1800648e+00
   1.0277016e-02   9.1330755e+00
   1.0329820e-02   8.7944299e+00
   1.0382624e-02   8.8050424e+00
   1.0435427e-02   9.0589420e+00
   1.0488231e-02   8.7629658e+00
   1.0541035e-02   8.9433460e+00
   1.0593839e-02   9.4082386e+00
   1.0646642e-02   8.8539313e+00
   1.0699446e-02   8.7398753e+00
   1.0752250e-02   9.0634307e+00
   1.0805054e-02   9.4197598e+00
   1.0857857e-02   9.0804845e+00
   1.0910661e-02   8.8844183e+00
   1.0963465e-02   8.6168383e+00
   1.1016269e-02   9.2440603e+00
   1.1069073e-02   9.8074613e+00
   1.1121876e-02   9.1771603e+00
   1.1174680e-02   9.4444015e+00
   1.1227484e-02   9.7311634e+00
   1.1280288e-02   9.4424532e+00
   1.1333091e-02   9.3458319e+00
   1.1385895e-02   9.3020490e+00
   1.1438699e-02   9.3669204e+00
   1.1491503e-02   9.2939538e+00
   1.1544306e-02   8.9240233e+00
   1.1597110e-02   9.4467706e+00
   1.1649914e-02   9.0509319e+00
   1.1702718e-02   9.2389111e+00
   1.1755521e-02   9.7351554e+00
   1.1808325e-02   9.6209462e+00
   1.1861129e-02   9.6610491e+00
   1.1913933e-02   9.3356844e+00
   1.1966737e-02   9.5916231e+00
   1.2019540e-02   1.0096217e+01
   1.2072344e-02   1.0056624e+01
   1.2125148e-02   9.5386599e+00
   1.2177952e-02   9.5682007e+00
   1.2230755e-02   9.8238641e+00
   1.2283559e-02   9.5979313e+00
   1.2336363e-02   9.6857146e+00
   1.2389167e-02   9.6035139e+00
   1.2441970e-02   9.5574852e+00
   1.2494774e-02   1.0126635e+01
   1.2547578e-02   1.0199637e+01
   1.2600382e-02   1.0160784e+01
   1.2653185e-02   1.0649834e+01
   1.2705989e-02   1.0984029e+01
   1.2758793e-02   1.1137190e+01
   1.2811597e-02   1.1360160e+01
   1.2864400e-02   1.1001394e+01
   1.2917204e-02   1.0722802e+01
   1.2970008e-02   1.0957823e+01
   1.3022812e-02   1.1044545e+01
   1.3075615e-02   1.0969137e+01
   1.3128419e-02   1.0854970e+01
   1.3181223e-02   1.0922374e+01
   1.3234027e-02   1.0885088e+01
   1.3286830e-02   1.0904011e+01
   1.3339634e-02   1.0929961e+01
   1.3392438e-02   1.1261423e+01
   1.3445242e-02   1.1100322e+01
   1.3498046e-02   1.1091848e+01
   1.3550849e-02   1.0906378e+01
   1.3603653e-02   1.1091760e+01
   1.3656457e-02   1.1384425e+01
   1.3709261e-02   1.1230031e+01
   1.3762064e-02   1.0979467e+01
   1.3814868e-02   1.1350052e+01
   1.3867672e-02   1.1482236e+01
   1.3920476e-02   1.1832512e+01
   1.3973279e-02   1.1923098e+01
   1.4026083e-02   1.1958193e+01
   1.4078887e-02   1.1918628e+01
   1.4131691e-02   1.2135902e+01
   1.4184494e-02   1.2315929e+01
   1.4237298e-02   1.2191914e+01
   1.4290102e-02   1.2238139e+01
   1.4342905e-02   1.2364457e+01
   1.4395709e-02   1.2486237e+01
   1.4448513e-02   1.2615627e+01
   1.4501317e-02   1.3011561e+01
   1.4554120e-02   1.2772337e+01
   1.4606924e-02   1.2817192e+01
   1.4659728e-02   1.3102041e+01
   1.4712532e-02   1.3583804e+01
   1.4765335e-02   1.3497906e+01
   1.4818139e-02   1.3731863e+01
   1.4870943e-02   1.3528966e+01
   1.4923747e-02   1.3710996e+01
   1.4976550e-02   1.3576589e+01
   1.5029354e-02   1.3920812e+01
   1.5082158e-02   1.4270036e+01
   1.5134962e-02   1.4191453e+01
   1.5187765e-02   1.4309913e+01
   1.5240569e-02   1.4545759e+01
   1.5293373e-02   1.4420513e+01
   1.5346177e-02   1.4834292e+01
   1.5398980e-02   1.4958041e+01
   1.5451784e-02   1.5079537e+01
   1.5504588e-02   1.5520337e+01
   1.5557392e-02   1.5407040e+01
   1.5610195e-02   1.5444488e+01
   1.5662999e-02   1.5827975e+01
   1.5715803e-02   1.5983282e+01
   1.5768607e-02   1.6465919e+01
   1.5821410e-02   1.6665256e+01
   1.5874214e-02   1.6303770e+01
   1.5927018e-02   1.6760219e+01
   1.5979821e-02   1.6704691e+01
   1.6032625e-02   1.6863311e+01
   1.6085429e-02   1.7273440e+01
   1.6138233e-02   1.7506730e+01
   1.6191036e-02   1.7472441e+01
   1.6243840e-02   1.7884253e+01
   1.6296644e-02   1.8164242e+01
   1.6349448e-02   1.8883189e+01
   1.6402251e-02   1.8539727e+01
   1.6455055e-02   1.8580681e+01
   1.6507859e-02   1.8570198e+01
   1.6560662e-02   1.9390155e+01
   1.6613466e-02   2.0044414e+01
   1.6666270e-02   1.9969010e+01
   1.6719074e-02   2.0905805e+01
   1.6771877e-02   2.1193747e+01
   1.6824681e-02   2.1554499e+01
   1.6877485e-02   2.2278664e+01
   1.6930289e-02   2.2767452e+01
   1.6983092e-02   2.3021635e+01
   1.7035896e-02   2.3567483e+01
   1.7088700e-02   2.4804140e+01
   1.7141503e-02   2.5480443e+01
   1.7194307e-02   2.6340819e+01
   1.7247111e-02   2.7570608e+01
   1.7299915e-02   2.9356917e+01
   1.7352718e-02   3.1747847e+01
   1.7405522e-02   3.5068800e+01
   1.7458326e-02   4.0012508e+01
   1.7511130e-02   4.9439793e+01
   1.7563933e-02   6.6074324e+01
   1.7616737e-02   9.4376849e+01
   1.7669541e-02   1.4243679e+02
   1.7722344e-02   2.0514139e+02
   1.7775148e-02   2.7301256e+02
   1.7827952e-02   3.3126375e+02
   1.7880756e-02   3.5021000e+02
   1.7933559e-02   3.4196467e+02
   1.7986363e-02   3.1779715e+02
   1.8039167e-02   2.8459108e+02
   1.8091970e-02   2.4952276e+02
   1.8144774e-02   2.1209460e+02
   1.8197578e-02   1.7347971e+02
   1.8250382e-02   1.4034949e+02
   1.8303185e-02   1.1528655e+02
   1.8355989e-02   9.4916597e+01
   1.8408793e-02   7.9393843e+01
   1.8461596e-02   6.8515895e+01
   1.8514400e-02   6.1183516e+01
   1.8567204e-02   5.6443820e+01
   1.8620008e-02   5.2688714e+01
   1.8672811e-02   5.0059094e+01
   1.8725615e-02   4.8604493e+01
   1.8778419e-02   4.8114876e+01
   1.8831222e-02   4.7279418e+01
   1.8884026e-02   4.7352792e+01
   1.8936830e-02   4.7483941e+01
   1.8989634e-02   4.8119933e+01
   1.9042437e-02   4.9539934e+01
   1.9095241e-02   5.1027743e+01
   1.9148045e-02   5.3039245e+01
   1.9200848e-02   5.5144258e+01
   1.9253652e-02   5.7205527e+01
   1.9306456e-02   6.0190728e+01
   1.9359259e-02   6.4112968e+01
   1.9412063e-02   6.8896308e+01
   1.9464867e-02   7.6369146e+01
   1.9517671e-02   8.7188865e+01
   1.9570474e-02   1.0461570e+02
   1.9623278e-02   1.3359408e+02
   1.9676082e-02   1.8475660e+02
   1.9728885e-02   2.6949915e+02
   1.9781689e-02   4.0597217e+02
   1.9834493e-02   5.9041187e+02
   1.9887296e-02   7.9512593e+02
   1.9940100e-02   9.4725927e+02
   1.9992904e-02   1.0055900e+03
   2.0045708e-02   9.8600560e+02
   2.0098511e-02   9.2891256e+02
   2.0151315e-02   8.4062298e+02
   2.0204119e-02   7.4201180e+02
   2.0256922e-02   6.3567339e+02
   2.0309726e-02   5.2414933e+02
   2.0362530e-02   4.2054274e+02
   2.0415333e-02   3.3531977e+02
   2.0468137e-02   2.6605684e+02
   2.0520941e-02   2.1454694e+02
   2.0573744e-02   1.7227007e+02
   2.0626548e-02   1.4255072e+02
   2.0679352e-02   1.1998004e+02
   2.0732156e-02   1.0376243e+02
   2.0784959e-02   9.1363219e+01
   2.0837763e-02   8.1845340e+01
   2.0890567e-02   7.5269584e+01
   2.0943370e-02   6.9906083e+01
   2.0996174e-02   6.6041942e+01
   2.1048978e-02   6.2936190e+01
   2.1101781e-02   6.1115123e+01
   2.1154585e-02   5.9297986e+01
   2.1207389e-02   5.9114210e+01
   2.1260192e-02   5.9976160e+01
   2.1312996e-02   6.1814299e+01
   2.1365800e-02   6.5167191e+01
   2.1418603e-02   7.1675951e+01
   2.1471407e-02   8.1694519e+01
   2.1524211e-02   1.0063640e+02
   2.1577015e-02   1.3548281e+02
   2.1629818e-02   1.9553004e+02
   2.1682622e-02   2.9204559e+02
   2.1735426e-02   4.1873292e+02
   2.1788229e-02   5.6868052e+02
   2.1841033e-02   6.8009801e+02
   2.1893837e-02   7.4636042e+02
   2.1946640e-02   7.4255184e+02
   2.1999444e-02   6.9625327e+02
   2.2052248e-02   6.2746546e+02
   2.2105051e-02   5.5604899e+02
   2.2157855e-02   4.7749533e+02
   2.2210659e-02   3.9473618e+02
   2.2263462e-02   3.1839557e+02
   2.2316266e-02   2.5395642e+02
   2.2369070e-02   2.0094491e+02
   2.2421873e-02   1.5889369e+02
   2.2474677e-02   1.2624077e+02
   2.2527481e-02   1.0056243e+02
   2.2580284e-02   8.2508396e+01
   2.2633088e-02   6.8188295e+01
   2.2685892e-02   5.7772024e+01
   2.2738695e-02   4.9748245e+01
   2.2791499e-02   4.3846551e+01
   2.2844303e-02   3.9256757e+01
   2.2897106e-02   3.5981575e+01
   2.2949910e-02   3.3066862e+01
   2.3002714e-02   3.0821967e+01
   2.3055517e-02   2.8776174e+01
   2.3108321e-02   2.6944055e+01
   2.3161125e-02   2.6047788e+01
   2.3213928e-02   2.4609830e+01
   2.3266732e-02   2.3584377e+01
   2.3319536e-02   2.2319724e+01
   2.3372339e-02   2.1497997e+01
   2.3425143e-02   2.0567293e+01
   2.3477947e-02   1.9988337e+01
   2.3530750e-02   1.9294300e+01
   2.3583554e-02   1.8957020e+01
   2.3636358e-02   1.8704754e+01
   2.3689161e-02   1.8083372e+01
   2.3741965e-02   1.7737367e+01
   2.3794769e-02   1.7426733e+01
   2.3847572e-02   1.6964458e+01
   2.3900376e-02   1.6600722e+01
   2.3953179e-02   1.6237977e+01
   2.4005983e-02   1.6040681e+01
   2.4058787e-02   1.5798780e+01
   2.4111590e-02   1.5629749e+01
   2.4164394e-02   1.5873103e+01
   2.4217198e-02   1.5155489e+01
   2.4270001e-02   1.4767065e+01
   2.4322805e-02   1.4504815e+01
   2.4375609e-02   1.4389107e+01
   2.4428412e-02   1.4421750e+01
   2.4481216e-02   1.3999463e+01
   2.4534020e-02   1.3871778e+01
   2.4586823e-02   1.3684862e+01
   2.4639627e-02   1.3800184e+01
   2.4692431e-02   1.3696994e+01
   2.4745234e-02   1.3286862e+01
   2.4798038e-02   1.3097344e+01
   2.4850841e-02   1.2894594e+01
   2.4903645e-02   1.3077537e+01
   2.4956449e-02   1.3189572e+01
   2.5009252e-02   1.2786903e+01
   2.5062056e-02   1.2413194e+01
   2.5114860e-02   1.2864812e+01
   2.5167663e-02   1.2703844e+01
   2.5220467e-02   1.2559705e+01
   2.5273271e-02   1.2985938e+01
   2.5326074e-02   1.2834495e+01
   2.5378878e-02   1.2749821e+01
   2.5431681e-02   1.2476133e+01
   2.5484485e-02   1.2513882e+01
   2.5537289e-02   1.2366235e+01
   2.5590092e-02   1.2408543e+01
   2.5642896e-02   1.2634616e+01
   2.5695700e-02   1.2282317e+01
   2.5748503e-02   1.2296978e+01
   2.5801307e-02   1.2276615e+01
   2.5854111e-02   1.2048235e+01
   2.5906914e-02   1.2170127e+01
   2.5959718e-02   1.1871903e+01
   2.6012521e-02   1.2115114e+01
   2.6065325e-02   1.1841971e+01
   2.6118129e-02   1.1981091e+01
   2.6170932e-02   1.1999656e+01
   2.6223736e-02   1.2050097e+01
   2.6276540e-02   1.2013741e+01
   2.6329343e-02   1.1710033e+01
   2.6382147e-02   1.1992107e+01
   2.6434950e-02   1.1902649e+01
   2.6487754e-02   1.1799628e+01
   2.6540558e-02   1.1836276e+01
   2.6593361e-02   1.1526766e+01
   2.6646165e-02   1.1613215e+01
   2.6698968e-02   1.1619591e+01
   2.6751772e-02   1.1763404e+01
   2.6804576e-02   1.1926549e+01
   2.6857379e-02   1.1938371e+01
   2.6910183e-02   1.2090522e+01
   2.6962987e-02   1.1899062e+01
   2.7015790e-02   1.1857857e+01
   2.7068594e-02   1.2012588e+01
   2.7121397e-02   1.1812331e+01
   2.7174201e-02   1.1865806e+01
   2.7227005e-02   1.1900710e+01
   2.7279808e-02   1.2118301e+01
   2.7332612e-02   1.2171835e+01
   2.7385415e-02   1.2163032e+01
   2.7438219e-02   1.2179614e+01
   2.7491023e-02   1.1944579e+01
   2.7543826e-02   1.2374116e+01
   2.7596630e-02   1.2484943e+01
   2.7649433e-02   1.2338350e+01
   2.7702237e-02   1.2531965e+01
   2.7755041e-02   1.2798354e+01
   2.7807844e-02   1.2436138e+01
   2.7860648e-02   1.2747039e+01
   2.7913451e-02   1.2753667e+01
   2.7966255e-02   1.3154745e+01
   2.8019059e-02   1.3187999e+01
   2.8071862e-02   1.3007445e+01
   2.8124666e-02   1.3295705e+01
   2.8177469e-02   1.3547759e+01
   2.8230273e-02   1.3506552e+01
   2.8283077e-02   1.3549444e+01
   2.8335880e-02   1.3723559e+01
   2.8388684e-02   1.3875927e+01
   2.8441487e-02   1.3529927e+01
   2.8494291e-02   1.3465097e+01
   2.8547095e-02   1.3850059e+01
   2.8599898e-02   1.3926308e+01
   2.8652702e-02   1.4044322e+01
   2.8705505e-02   1.3785028e+01
   2.8758309e-02   1.3873564e+01
   2.8811113e-02   1.4108120e+01
   2.8863916e-02   1.3971727e+01
   2.8916720e-02   1.4142241e+01
   2.8969523e-02   1.3842266e+01
   2.9022327e-02   1.3959693e+01
   2.9075130e-02   1.4162573e+01
   2.9127934e-02   1.3995375e+01
   2.9180738e-02   1.4054864e+01
   2.9233541e-02   1.4095361e+01
   2.9286345e-02   1.4286636e+01
   2.9339148e-02   1.4601354e+01
   2.9391952e-02   1.4789921e+01
   2.9444756e-02   1.4962374e+01
   2.9497559e-02   1.5094451e+01
   2.9550363e-02   1.5057165e+01
   2.9603166e-02   1.5080228e+01
   2.9655970e-02   1.5214725e+01
   2.9708773e-02   1.5398696e+01
   2.9761577e-02   1.5964042e+01
   2.9814381e-02   1.5973128e+01
   2.9867184e-02   1.6126753e+01
   2.9919988e-02   1.6264592e+01
   2.9972791e-02   1.6438790e+01
   3.0025595e-02   1.6654021e+01
   3.0078398e-02   1.6967523e+01
   3.0131202e-02   1.7258848e+01
   3.0184006e-02   1.7399308e+01
   3.0236809e-02   1.7934368e+01
   3.0289613e-02   1.8613553e+01
   3.0342416e-02   1.8805042e+01
   3.0395220e-02   1.9554786e+01
   3.0448023e-02   2.0704623e+01
   3.0500827e-02   2.1992703e+01
   3.0553630e-02   2.4277915e+01
   3.0606434e-02   2.6898974e+01
   3.0659238e-02   3.1548170e+01
   3.0712041e-02   3.8412073e+01
   3.0764845e-02   4.8265312e+01
   3.0817648e-02   6.0313194e+01
   3.0870452e-02   7.3497778e+01
   3.0923255e-02   8.5634327e+01
   3.0976059e-02   9.3134201e+01
   3.1028862e-02   9.6247587e+01
   3.1081666e-02   9.5679499e+01
   3.1134470e-02   9.4319189e+01
   3.1187273e-02   9.1100490e+01
   3.1240077e-02   8.6617042e+01
   3.1292880e-02   8.0546756e+01
   3.1345684e-02   7.3976937e+01
   3.1398487e-02   6.7531577e+01
   3.1451291e-02   6.1220932e+01
   3.1504094e-02   5.5579027e+01
   3.1556898e-02   5.0835035e+01
   3.1609701e-02   4.8022828e+01
   3.1662505e-02   4.5856110e+01
   3.1715309e-02   4.4756494e+01
   3.1768112e-02   4.5417402e+01
   3.1820916e-02   4.8386136e+01
   3.1873719e-02   5.4405605e+01
   3.1926523e-02   6.3974289e+01
   3.1979326e-02   8.0273270e+01
   3.2032130e-02   1.0445432e+02
   3.2084933e-02   1.3440988e+02
   3.2137737e-02   1.6660776e+02
   3.2190540e-02   1.9333021e+02
   3.2243344e-02   2.1095595e+02
   3.2296147e-02   2.1782433e+02
   3.2348951e-02   2.1536122e+02
   3.2401755e-02   2.0719728e+02
   3.2454558e-02   1.9569972e+02
   3.2507362e-02   1.8215555e+02
   3.2560165e-02   1.6854071e+02
   3.2612969e-02   1.5238881e+02
   3.2665772e-02   1.3651672e+02
   3.2718576e-02   1.2063796e+02
   3.2771379e-02   1.0704055e+02
   3.2824183e-02   9.6237258e+01
   3.2876986e-02   8.6890688e+01
   3.2929790e-02   8.0504225e+01
   3.2982593e-02   7.7821781e+01
   3.3035397e-02   7.8847169e+01
   3.3088200e-02   8.5170403e+01
   3.3141004e-02   9.7312696e+01
   3.3193807e-02   1.1887241e+02
   3.3246611e-02   1.4988676e+02
   3.3299414e-02   1.9019724e+02
   3.3352218e-02   2.3219231e+02
   3.3405021e-02   2.7052482e+02
   3.3457825e-02   2.9589730e+02
   3.3510628e-02   3.0601020e+02
   3.3563432e-02   3.0213009e+02
   3.3616235e-02   2.9056732e+02
   3.3669039e-02   2.7417952e+02
   3.3721842e-02   2.5627300e+02
   3.3774646e-02   2.3365240e+02
   3.3827449e-02   2.0902861e+02
   3.3880253e-02   1.8305626e+02
   3.3933056e-02   1.5892402e+02
   3.3985860e-02   1.3626908e+02
   3.4038663e-02   1.1602731e+02
   3.4091467e-02   9.9018285e+01
   3.4144270e-02   8.4159034e+01
   3.4197074e-02   7.2947591e+01
   3.4249877e-02   6.3476492e+01
   3.4302681e-02   5.5752614e+01
   3.4355484e-02   5.0216172e+01
   3.4408288e-02   4.5679202e+01
   3.4461091e-02   4.1913115e+01
   3.4513895e-02   3.9263669e+01
   3.4566698e-02   3.6222746e+01
   3.4619502e-02   3.4220825e+01
   3.4672305e-02   3.2894810e+01
   3.4725109e-02   3.1711786e+01
   3.4777912e-02   3.0865191e+01
   3.4830716e-02   2.9858133e+01
   3.4883519e-02   2.9143547e+01
   3.4936323e-02   2.8584963e+01
   3.4989126e-02   2.8406456e+01
   3.5041930e-02   2.8371295e+01
   3.5094733e-02   2.8124511e+01
   3.5147537e-02   2.7945968e+01
   3.5200340e-02   2.8265929e+01
   3.5253144e-02   2.9420101e+01
   3.5305947e-02   3.1087404e+01
   3.5358751e-02   3.4069223e+01
   3.5411554e-02   3.8369155e+01
   3.5464358e-02   4.4868528e+01
   3.5517161e-02   5.5244915e+01
   3.5569965e-02   6.7991763e+01
   3.5622768e-02   8.4557187e+01
   3.5675572e-02   9.9818537e+01
   3.5728375e-02   1.1553244e+02
   3.5781179e-02   1.2395038e+02
   3.5833982e-02   1.2652031e+02
   3.5886785e-02   1.2404369e+02
   3.5939589e-02   1.1972571e+02
   3.5992392e-02   1.1368090e+02
   3.6045196e-02   1.0719140e+02
   3.6097999e-02   9.9278082e+01
   3.6150803e-02   9.0645553e+01
   3.6203606e-02   8.2134993e+01
   3.6256410e-02   7.3468611e+01
   3.6309213e-02   6.4280170e+01
   3.6362017e-02   5.6026435e+01
   3.6414820e-02   4.9395899e+01
   3.6467624e-02   4.3517098e+01
   3.6520427e-02   3.8342345e+01
   3.6573230e-02   3.4111227e+01
   3.6626034e-02   3.0933616e+01
   3.6678837e-02   2.8460130e+01
   3.6731641e-02   2.6436369e+01
   3.6784444e-02   2.4642461e+01
   3.6837248e-02   2.3472387e+01
   3.6890051e-02   2.2082417e+01
   3.6942855e-02   2.1049941e+01
   3.6995658e-02   2.0364878e+01
   3.7048462e-02   1.9627318e+01
   3.7101265e-02   1.9275027e+01
   3.7154068e-02   1.8922210e+01
   3.7206872e-02   1.8335627e+01
   3.7259675e-02   1.8078445e+01
   3.7312479e-02   1.7984094e+01
   3.7365282e-02   1.7557365e+01
   3.7418086e-02   1.6937688e+01
   3.7470889e-02   1.6682149e+01
   3.7523693e-02   1.6566453e+01
   3.7576496e-02   1.6708783e+01
   3.7629299e-02   1.6804045e+01
   3.7682103e-02   1.6226612e+01
   3.7734906e-02   1.6258463e+01
   3.7787710e-02   1.6386186e+01
   3.7840513e-02   1.6094682e+01
   3.7893317e-02   1.6139338e+01
   3.7946120e-02   1.6115232e+01
   3.7998923e-02   1.6387796e+01
   3.8051727e-02   1.6415893e+01
   3.8104530e-02   1.6528555e+01
   3.8157334e-02   1.6286970e+01
   3.8210137e-02   1.6306354e+01
   3.8262941e-02   1.6108344e+01
   3.8315744e-02   1.6278472e+01
   3.8368547e-02   1.6108003e+01
   3.8421351e-02   1.5984709e+01
   3.8474154e-02   1.6041163e+01
   3.8526958e-02   1.5855915e+01
   3.8579761e-02   1.5825373e+01
   3.8632564e-02   1.6011444e+01
   3.8685368e-02   1.5843930e+01
   3.8738171e-02   1.5996928e+01
   3.8790975e-02   1.5950053e+01
   3.8843778e-02   1.5930024e+01
   3.8896582e-02   1.5933580e+01
   3.8949385e-02   1.5801078e+01
   3.9002188e-02   1.6017012e+01
   3.9054992e-02   1.6096019e+01
   3.9107795e-02   1.6229733e+01
   3.9160599e-02   1.6646602e+01
   3.9213402e-02   1.6774841e+01
   3.9266205e-02   1.7224347e+01
   3.9319009e-02   1.7453225e+01
   3.9371812e-02   1.7930996e+01
   3.9424616e-02   1.8289664e+01
   3.9477419e-02   1.9348261e+01
   3.9530222e-02   2.0591844e+01
   3.9583026e-02   2.2463081e+01
   3.9635829e-02   2.4487992e+01
   3.9688633e-02   2.8067983e+01
   3.9741436e-02   3.2931600e+01
   3.9794239e-02   3.9561204e+01
   3.9847043e-02   4.7452657e+01
   3.9899846e-02   5.5800645e+01
   3.9952650e-02   6.2453058e+01
   4.0005453e-02   6.6996882e+01
   4.0058256e-02   6.7777959e+01
   4.0111060e-02   6.7118171e+01
   4.0163863e-02   6.5652310e+01
   4.0216666e-02   6.3537040e+01
   4.0269470e-02   6.1680914e+01
   4.0322273e-02   5.9434920e+01
   4.0375077e-02   5.6728025e+01
   4.0427880e-02   5.4072593e+01
   4.0480683e-02   5.1818534e+01
   4.0533487e-02   5.0339939e+01
   4.0586290e-02   4.9951739e+01
   4.0639094e-02   5.1857585e+01
   4.0691897e-02   5.6762711e+01
   4.0744700e-02   6.5125719e+01
   4.0797504e-02   7.6333308e+01
   4.0850307e-02   8.9799119e+01
   4.0903110e-02   1.0444259e+02
   4.0955914e-02   1.1738487e+02
   4.1008717e-02   1.2513800e+02
   4.1061520e-02   1.2820176e+02
   4.1114324e-02   1.2678496e+02
   4.1167127e-02   1.2420475e+02
   4.1219931e-02   1.1992396e+02
   4.1272734e-02   1.1424545e+02
   4.1325537e-02   1.0725730e+02
   4.1378341e-02   1.0022433e+02
   4.1431144e-02   9.2928743e+01
   4.1483947e-02   8.5254706e+01
   4.1536751e-02   7.7841081e+01
   4.1589554e-02   7.0999669e+01
   4.1642357e-02   6.6140963e+01
   4.1695161e-02   6.2983642e+01
   4.1747964e-02   6.2796005e+01
   4.1800767e-02   6.3101521e+01
   4.1853571e-02   6.4514891e+01
   4.1906374e-02   6.5885924e+01
   4.1959178e-02   6.6692893e+01
   4.2011981e-02   6.5267483e+01
   4.2064784e-02   6.3438550e+01
   4.2117588e-02   6.0776941e+01
   4.2170391e-02   5.8081302e+01
   4.2223194e-02   5.4807972e+01
   4.2275998e-02   5.1580570e+01
   4.2328801e-02   4.7939885e+01
   4.2381604e-02   4.4787272e+01
   4.2434408e-02   4.1458403e+01
   4.2487211e-02   3.7945782e+01
   4.2540014e-02   3.4381616e+01
   4.2592818e-02   3.0798765e+01
   4.2645621e-02   2.8031625e+01
   4.2698424e-02   2.5754198e+01
   4.2751228e-02   2.3574616e+01
   4.2804031e-02   2.1583178e+01
   4.2856834e-02   2.0130362e+01
   4.2909638e-02   1.8808200e+01
   4.2962441e-02   1.7922192e+01
   4.3015244e-02   1.6877053e+01
   4.3068048e-02   1.5896341e+01
   4.3120851e-02   1.5254782e+01
   4.3173654e-02   1.4738252e+01
   4.3226458e-02   1.4437117e+01
   4.3279261e-02   1.4016847e+01
   4.3332064e-02   1.3685501e+01
   4.3384867e-02   1.3426461e+01
   4.3437671e-02   1.3478061e+01
   4.3490474e-02   1.3170700e+01
   4.3543277e-02   1.2981363e+01
   4.3596081e-02   1.2876621e+01
   4.3648884e-02   1.2674007e+01
   4.3701687e-02   1.2479179e+01
   4.3754491e-02   1.2562619e+01
   4.3807294e-02   1.2416395e+01
   4.3860097e-02   1.2327398e+01
   4.3912901e-02   1.2333672e+01
   4.3965704e-02   1.2166522e+01
   4.4018507e-02   1.2365228e+01
   4.4071310e-02   1.2488697e+01
   4.4124114e-02   1.2384975e+01
   4.4176917e-02   1.2219758e+01
   4.4229720e-02   1.2173819e+01
   4.4282524e-02   1.1963461e+01
   4.4335327e-02   1.1945270e+01
   4.4388130e-02   1.1911733e+01
   4.4440934e-02   1.1734116e+01
   4.4493737e-02   1.1803664e+01
   4.4546540e-02   1.2078782e+01
   4.4599343e-02   1.1769396e+01
   4.4652147e-02   1.1656972e+01
   4.4704950e-02   1.1774663e+01
   4.4757753e-02   1.1839266e+01
   4.4810557e-02   1.1775725e+01
   4.4863360e-02   1.1848070e+01
   4.4916163e-02   1.1912679e+01
   4.4968966e-02   1.1635604e+01
   4.5021770e-02   1.1445465e+01
   4.5074573e-02   1.1505081e+01
   4.5127376e-02   1.1602885e+01
   4.5180180e-02   1.1592052e+01
   4.5232983e-02   1.1866351e+01
   4.5285786e-02   1.1705272e+01
   4.5338589e-02   1.1653432e+01
   4.5391393e-02   1.1836234e+01
   4.5444196e-02   1.1862879e+01
   4.5496999e-02   1.1934331e+01
   4.5549802e-02   1.2228511e+01
   4.5602606e-02   1.2372852e+01
   4.5655409e-02   1.2637360e+01
   4.5708212e-02   1.2923592e+01
   4.5761015e-02   1.2890719e+01
   4.5813819e-02   1.2905224e+01
   4.5866622e-02   1.3267953e+01
   4.5919425e-02   1.3257503e+01
   4.5972229e-02   1.3174932e+01
   4.6025032e-02   1.3164625e+01
   4.6077835e-02   1.3134320e+01
   4.6130638e-02   1.3100274e+01
   4.6183442e-02   1.3114801e+01
   4.6236245e-02   1.3216064e+01
   4.6289048e-02   1.3088122e+01
   4.6341851e-02   1.3100702e+01
   4.6394655e-02   1.2882006e+01
   4.6447458e-02   1.2913901e+01
   4.6500261e-02   1.2973483e+01
   4.6553064e-02   1.2928492e+01
   4.6605868e-02   1.3043810e+01
   4.6658671e-02   1.3148254e+01
   4.6711474e-02   1.3127652e+01
   4.6764277e-02   1.3085138e+01
   4.6817080e-02   1.3191848e+01
   4.6869884e-02   1.3404105e+01
   4.6922687e-02   1.3630716e+01
   4.6975490e-02   1.3836828e+01
   4.7028293e-02   1.3813424e+01
   4.7081097e-02   1.3837339e+01
   4.7133900e-02   1.4010056e+01
   4.7186703e-02   1.4202799e+01
   4.7239506e-02   1.4750522e+01
   4.7292310e-02   1.5039907e+01
   4.7345113e-02   1.5098646e+01
   4.7397916e-02   1.5638642e+01
   4.7450719e-02   1.6235021e+01
   4.7503522e-02   1.7084793e+01
   4.7556326e-02   1.7869313e+01
   4.7609129e-02   1.8893157e+01
   4.7661932e-02   2.0548190e+01
   4.7714735e-02   2.2460415e+01
   4.7767539e-02   2.5305922e+01
   4.7820342e-02   2.9226436e+01
   4.7873145e-02   3.4547873e+01
   4.7925948e-02   4.2008326e+01
   4.7978751e-02   5.1524948e+01
   4.8031555e-02   6.1997517e+01
   4.8084358e-02   7.2795920e+01
   4.8137161e-02   8.1883952e+01
   4.8189964e-02   8.8401006e+01
   4.8242767e-02   9.1742885e+01
   4.8295571e-02   9.2231879e+01
   4.8348374e-02   9.1642016e+01
   4.8401177e-02   9.0015535e+01
   4.8453980e-02   8.7616853e+01
   4.8506783e-02   8.5010000e+01
   4.8559587e-02   8.1914519e+01
   4.8612390e-02   7.9160403e+01
   4.8665193e-02   7.6860180e+01
   4.8717996e-02   7.5447293e+01
   4.8770799e-02   7.4283999e+01
   4.8823603e-02   7.3560511e+01
   4.8876406e-02   7.3822788e+01
   4.8929209e-02   7.4120887e+01
   4.8982012e-02   7.3728889e+01
   4.9034815e-02   7.2124040e+01
   4.9087618e-02   6.9523152e+01
   4.9140422e-02   6.6517626e+01
   4.9193225e-02   6.3093260e+01
   4.9246028e-02   5.9776749e+01
   4.9298831e-02   5.6980745e+01
   4.9351634e-02   5.3616875e+01
   4.9404437e-02   5.0333331e+01
   4.9457241e-02   4.6756371e+01
   4.9510044e-02   4.3647892e+01
   4.9562847e-02   4.0876430e+01
   4.9615650e-02   3.7837049e+01
   4.9668453e-02   3.5003084e+01
   4.9721256e-02   3.2488047e+01
   4.9774060e-02   3.0268674e+01
   4.9826863e-02   2.8428428e+01
   4.9879666e-02   2.6536662e+01
   4.9932469e-02   2.5062144e+01
   4.9985272e-02   2.4068623e+01
   5.0038075e-02   2.3367418e+01
   5.0090879e-02   2.3001611e+01
   5.0143682e-02   2.3137153e+01
   5.0196485e-02   2.3941773e+01
   5.0249288e-02   2.5225311e+01
   5.0302091e-02   2.7622029e+01
   5.0354894e-02   3.0675405e+01
   5.0407698e-02   3.4628823e+01
   5.0460501e-02   3.9439829e+01
   5.0513304e-02   4.3704484e+01
   5.0566107e-02   4.7178959e+01
   5.0618910e-02   4.9328507e+01
   5.0671713e-02   5.0285533e+01
   5.0724516e-02   5.0313794e+01
   5.0777319e-02   4.8942354e+01
   5.0830123e-02   4.7330945e+01
   5.0882926e-02   4.6154746e+01
   5.0935729e-02   4.4810072e+01
   5.0988532e-02   4.2314954e+01
   5.1041335e-02   4.0543898e+01
   5.1094138e-02   3.8566047e+01
   5.1146941e-02   3.6171318e+01
   5.1199745e-02   3.4267096e+01
   5.1252548e-02   3.1825497e+01
   5.1305351e-02   2.9552085e+01
   5.1358154e-02   2.7223639e+01
   5.1410957e-02   2.5384274e+01
   5.1463760e-02   2.3690626e+01
   5.1516563e-02   2.2217124e+01
   5.1569366e-02   2.0807488e+01
   5.1622170e-02   1.9522646e+01
   5.1674973e-02   1.8598494e+01
   5.1727776e-02   1.7632776e+01
   5.1780579e-02   1.6739913e+01
   5.1833382e-02   1.6083626e+01
   5.1886185e-02   1.5594588e+01
   5.1938988e-02   1.5361945e+01
   5.1991791e-02   1.4917140e+01
   5.2044594e-02   1.4686600e+01
   5.2097397e-02   1.4562371e+01
   5.2150201e-02   1.4548016e+01
   5.2203004e-02   1.4429426e+01
   5.2255807e-02   1.4161673e+01
   5.2308610e-02   1.4081578e+01
   5.2361413e-02   1.4042499e+01
   5.2414216e-02   1.3773798e+01
   5.2467019e-02   1.3923117e+01
   5.2519822e-02   1.3877486e+01
   5.2572625e-02   1.3974016e+01
   5.2625428e-02   1.4125926e+01
   5.2678232e-02   1.3899094e+01
   5.2731035e-02   1.3816955e+01
   5.2783838e-02   1.3704312e+01
   5.2836641e-02   1.3686248e+01
   5.2889444e-02   1.3767595e+01
   5.2942247e-02   1.3783383e+01
   5.2995050e-02   1.3681653e+01
   5.3047853e-02   1.3944492e+01
   5.3100656e-02   1.4058763e+01
   5.3153459e-02   1.4209054e+01
   5.3206262e-02   1.4517775e+01
   5.3259065e-02   1.5148570e+01
   5.3311868e-02   1.5914115e+01
   5.3364672e-02   1.6856122e+01
   5.3417475e-02   1.7789490e+01
   5.3470278e-02   1.9531804e+01
   5.3523081e-02   2.1297464e+01
   5.3575884e-02   2.2952918e+01
   5.3628687e-02   2.4434158e+01
   5.3681490e-02   2.5986977e+01
   5.3734293e-02   2.6642923e+01
   5.3787096e-02   2.6985559e+01
   5.3839899e-02   2.6854588e+01
   5.3892702e-02   2.6272134e+01
   5.3945505e-02   2.5982904e+01
   5.3998308e-02   2.5859231e+01
   5.4051111e-02   2.6101203e+01
   5.4103914e-02   2.6063528e+01
   5.4156717e-02   2.6491373e+01
   5.4209520e-02   2.7151841e+01
   5.4262323e-02   2.8116393e+01
   5.4315126e-02   2.8808435e+01
   5.4367930e-02   3.0137169e+01
   5.4420733e-02   3.0615477e+01
   5.4473536e-02   3.0558135e+01
   5.4526339e-02   3.0330189e+01
   5.4579142e-02   2.9845044e+01
   5.4631945e-02   2.9282949e+01
   5.4684748e-02   2.9314598e+01
   5.4737551e-02   2.9579321e+01
   5.4790354e-02   3.0163061e+01
   5.4843157e-02   3.1077352e+01
   5.4895960e-02   3.2756417e+01
   5.4948763e-02   3.4939742e+01
   5.5001566e-02   3.7603505e+01
   5.5054369e-02   3.9901231e+01
   5.5107172e-02   4.1575520e+01
   5.5159975e-02   4.3070043e+01
   5.5212778e-02   4.3311163e+01
   5.5265581e-02   4.2425371e+01
   5.5318384e-02   4.1400201e+01
   5.5371187e-02   4.0215493e+01
   5.5423990e-02   3.8496774e+01
   5.5476793e-02   3.6967543e+01
   5.5529596e-02   3.4583793e+01
   5.5582399e-02   3.2740746e+01
   5.5635202e-02   3.0858479e+01
   5.5688005e-02   2.9292454e+01
   5.5740808e-02   2.7446539e+01
   5.5793611e-02   2.5866129e+01
   5.5846414e-02   2.4033352e+01
   5.5899217e-02   2.2566811e+01
   5.5952020e-02   2.0857080e+01
   5.6004823e-02   1.9006594e+01
   5.6057626e-02   1.7593903e+01
   5.6110429e-02   1.6521411e+01
   5.6163232e-02   1.5414563e+01
   5.6216035e-02   1.4354845e+01
   5.6268838e-02   1.3566771e+01
   5.6321641e-02   1.3074106e+01
   5.6374444e-02   1.2623595e+01
   5.6427247e-02   1.2048223e+01
   5.6480050e-02   1.1645164e+01
   5.6532853e-02   1.1256874e+01
   5.6585656e-02   1.1104599e+01
   5.6638459e-02   1.0777505e+01
   5.6691262e-02   1.0409257e+01
   5.6744065e-02   1.0152791e+01
   5.6796868e-02   1.0035332e+01
   5.6849671e-02   9.9081860e+00
   5.6902474e-02   9.8433870e+00
   5.6955277e-02   9.6418439e+00
   5.7008080e-02   9.6531821e+00
   5.7060883e-02   9.7180465e+00
   5.7113686e-02   9.3435196e+00
   5.7166489e-02   9.2330096e+00
   5.7219291e-02   9.1697686e+00
   5.7272094e-02   9.1400598e+00
   5.7324897e-02   8.9774571e+00
   5.7377700e-02   8.9586261e+00
   5.7430503e-02   8.7891901e+00
   5.7483306e-02   8.9458771e+00
   5.7536109e-02   8.8228795e+00
   5.7588912e-02   8.7185956e+00
   5.7641715e-02   8.7480926e+00
   5.7694518e-02   8.7169663e+00
   5.7747321e-02   8.8833665e+00
   5.7800124e-02   9.0321765e+00
   5.7852927e-02   8.9327467e+00
   5.7905730e-02   8.6039715e+00
   5.7958533e-02   8.6942203e+00
   5.8011336e-02   8.6988013e+00
   5.8064139e-02   8.7382070e+00
   5.8116942e-02   8.8446557e+00
   5.8169744e-02   8.8014602e+00
   5.8222547e-02   8.7372430e+00
   5.8275350e-02   8.7936268e+00
   5.8328153e-02   9.0329573e+00
   5.8380956e-02   9.0725362e+00
   5.8433759e-02   9.1335392e+00
   5.8486562e-02   9.1428905e+00
   5.8539365e-02   8.9959995e+00
   5.8592168e-02   9.0442921e+00
   5.8644971e-02   9.1799324e+00
   5.8697774e-02   9.2975339e+00
   5.8750577e-02   9.1929177e+00
   5.8803380e-02   9.5236540e+00
   5.8856182e-02   9.8349820e+00
   5.8908985e-02   1.0186954e+01
   5.8961788e-02   1.0822318e+01
   5.9014591e-02   1.1343374e+01
   5.9067394e-02   1.2036038e+01
   5.9120197e-02   1.3137548e+01
   5.9173000e-02   1.4151336e+01
   5.9225803e-02   1.5317083e+01
   5.9278606e-02   1.6407005e+01
   5.9331409e-02   1.7706081e+01
   5.9384211e-02   1.8564982e+01
   5.9437014e-02   1.9062411e+01
   5.9489817e-02   2.0007852e+01
   5.9542620e-02   2.0409386e+01
   5.9595423e-02   2.0901467e+01
   5.9648226e-02   2.1854202e+01
   5.9701029e-02   2.2692713e+01
   5.9753832e-02   2.3730160e+01
   5.9806635e-02   2.5321194e+01
   5.9859437e-02   2.7321993e+01
   5.9912240e-02   2.8987608e+01
   5.9965043e-02   3.0453341e+01
   6.0017846e-02   3.1767052e+01
   6.0070649e-02   3.2495908e+01
   6.0123452e-02   3.2833472e+01
   6.0176255e-02   3.2698830e+01
   6.0229058e-02   3.2284007e+01
   6.0281860e-02   3.1965265e+01
   6.0334663e-02   3.1519707e+01
   6.0387466e-02   3.1312506e+01
   6.0440269e-02   3.1074396e+01
   6.0493072e-02   3.0996018e+01
   6.0545875e-02   3.0630935e+01
   6.0598678e-02   3.0200773e+01
   6.0651480e-02   3.0084798e+01
   6.0704283e-02   2.9680467e+01
   6.0757086e-02   2.8847852e+01
   6.0809889e-02   2.7753916e+01
   6.0862692e-02   2.6556218e+01
   6.0915495e-02   2.5322590e+01
   6.0968298e-02   2.3927136e+01
   6.1021100e-02   2.2465381e+01
   6.1073903e-02   2.1178633e+01
   6.1126706e-02   2.0066541e+01
   6.1179509e-02   1.9180877e+01
   6.1232312e-02   1.8264205e+01
   6.1285115e-02   1.7238650e+01
   6.1337917e-02   1.6150874e+01
   6.1390720e-02   1.5299143e+01
   6.1443523e-02   1.4682970e+01
   6.1496326e-02   1.3975080e+01
   6.1549129e-02   1.3698268e+01
   6.1601932e-02   1.3432352e+01
   6.1654734e-02   1.3246461e+01
   6.1707537e-02   1.3226930e+01
   6.1760340e-02   1.3351685e+01
   6.1813143e-02   1.3502342e+01
   6.1865946e-02   1.3671701e+01
   6.1918748e-02   1.4005254e+01
   6.1971551e-02   1.4156408e+01
   6.2024354e-02   1.4077505e+01
   6.2077157e-02   1.4168353e+01
   6.2129960e-02   1.4030434e+01
   6.2182762e-02   1.3789033e+01
   6.2235565e-02   1.3888422e+01
   6.2288368e-02   1.3458423e+01
   6.2341171e-02   1.3159833e+01
   6.2393974e-02   1.2779741e+01
   6.2446776e-02   1.2439336e+01
   6.2499579e-02   1.2224426e+01
   6.2552382e-02   1.1890084e+01
   6.2605185e-02   1.1430009e+01
   6.2657988e-02   1.1116955e+01
   6.2710790e-02   1.0929352e+01
   6.2763593e-02   1.0741551e+01
   6.2816396e-02   1.0343961e+01
   6.2869199e-02   1.0012747e+01
   6.2922002e-02   9.7056905e+00
   6.2974804e-02   9.4458963e+00
   6.3027607e-02   9.0372466e+00
   6.3080410e-02   8.8325608e+00
   6.3133213e-02   8.5623242e+00
   6.3186015e-02   8.4136410e+00
   6.3238818e-02   8.4458328e+00
   6.3291621e-02   8.1751384e+00
   6.3344424e-02   8.0147111e+00
   6.3397227e-02   7.9982240e+00
   6.3450029e-02   7.8552409e+00
   6.3502832e-02   7.9115551e+00
   6.3555635e-02   8.0682552e+00
   6.3608438e-02   8.0463578e+00
   6.3661240e-02   7.8007021e+00
   6.3714043e-02   7.5504518e+00
   6.3766846e-02   7.6767364e+00
   6.3819649e-02   7.7341691e+00
   6.3872451e-02   7.6818752e+00
   6.3925254e-02   7.6522671e+00
   6.3978057e-02   7.6626802e+00
   6.4030860e-02   7.8092619e+00
   6.4083662e-02   7.7922281e+00
   6.4136465e-02   8.0578760e+00
   6.4189268e-02   8.2340223e+00
   6.4242071e-02   8.3224857e+00
   6.4294873e-02   8.6854563e+00
   6.4347676e-02   9.1240195e+00
   6.4400479e-02   9.2560170e+00
   6.4453282e-02   9.5366689e+00
   6.4506084e-02   1.0004517e+01
   6.4558887e-02   1.0321007e+01
   6.4611690e-02   1.0357521e+01
   6.4664492e-02   1.0568650e+01
   6.4717295e-02   1.1014162e+01
   6.4770098e-02   1.1412498e+01
   6.4822901e-02   1.2087734e+01
   6.4875703e-02   1.2834081e+01
   6.4928506e-02   1.3632136e+01
   6.4981309e-02   1.4495602e+01
   6.5034111e-02   1.5464736e+01
   6.5086914e-02   1.6449067e+01
   6.5139717e-02   1.7244967e+01
   6.5192520e-02   1.7790967e+01
   6.5245322e-02   1.8407443e+01
   6.5298125e-02   1.8618436e+01
   6.5350928e-02   1.8920869e+01
   6.5403730e-02   1.8921448e+01
   6.5456533e-02   1.9349074e+01
   6.5509336e-02   1.9561256e+01
   6.5562139e-02   1.9968870e+01
   6.5614941e-02   2.0448686e+01
   6.5667744e-02   2.0569107e+01
   6.5720547e-02   2.0884673e+01
   6.5773349e-02   2.0733777e+01
   6.5826152e-02   2.0501655e+01
   6.5878955e-02   1.9906981e+01
   6.5931757e-02   1.9362278e+01
   6.5984560e-02   1.8803909e+01
   6.6037363e-02   1.8152314e+01
   6.6090165e-02   1.7536524e+01
   6.6142968e-02   1.6723802e+01
   6.6195771e-02   1.5956864e+01
   6.6248573e-02   1.5255189e+01
   6.6301376e-02   1.4510211e+01
   6.6354179e-02   1.3781894e+01
   6.6406981e-02   1.3182870e+01
   6.6459784e-02   1.2495855e+01
   6.6512587e-02   1.1709712e+01
   6.6565389e-02   1.1216927e+01
   6.6618192e-02   1.0663282e+01
   6.6670995e-02   1.0147723e+01
   6.6723797e-02   9.2787544e+00
   6.6776600e-02   8.8238521e+00
   6.6829403e-02   8.6913897e+00
   6.6882205e-02   8.3478331e+00
   6.6935008e-02   7.8432847e+00
   6.6987811e-02   7.6131533e+00
   6.7040613e-02   7.2727587e+00
   6.7093416e-02   7.0904784e+00
   6.7146219e-02   6.6763652e+00
   6.7199021e-02   6.4720617e+00
   6.7251824e-02   6.4268903e+00
   6.7304626e-02   6.2760016e+00
   6.7357429e-02   6.1293124e+00
   6.7410232e-02   6.0241323e+00
   6.7463034e-02   5.8909075e+00
   6.7515837e-02   5.8458127e+00
   6.7568640e-02   5.8351362e+00
   6.7621442e-02   5.7351691e+00
   6.7674245e-02   5.6652255e+00
   6.7727048e-02   5.5367174e+00
   6.7779850e-02   5.4527934e+00
   6.7832653e-02   5.4640197e+00
   6.7885455e-02   5.4313330e+00
   6.7938258e-02   5.4414081e+00
   6.7991061e-02   5.3987170e+00
   6.8043863e-02   5.2157673e+00
   6.8096666e-02   5.2447127e+00
   6.8149468e-02   5.0737556e+00
   6.8202271e-02   5.0541820e+00
   6.8255074e-02   5.0407064e+00
   6.8307876e-02   5.0526168e+00
   6.8360679e-02   5.1816641e+00
   6.8413481e-02   5.1346402e+00
   6.8466284e-02   5.0722379e+00
   6.8519087e-02   5.0375447e+00
   6.8571889e-02   4.9337757e+00
   6.8624692e-02   5.1345625e+00
   6.8677494e-02   5.0170796e+00
   6.8730297e-02   4.9307286e+00
   6.8783100e-02   4.9888582e+00
   6.8835902e-02   4.8130198e+00
   6.8888705e-02   4.7704515e+00
   6.8941507e-02   4.9407948e+00
   6.8994310e-02   4.9403218e+00
   6.9047112e-02   5.0155801e+00
   6.9099915e-02   4.9449472e+00
   6.9152718e-02   4.9413523e+00
   6.9205520e-02   5.0702837e+00
   6.9258323e-02   5.0550830e+00
   6.9311125e-02   5.1814868e+00
   6.9363928e-02   5.2807978e+00
   6.9416730e-02   5.5731624e+00
   6.9469533e-02   5.6957872e+00
   6.9522336e-02   5.7037798e+00
   6.9575138e-02   6.0489751e+00
   6.9627941e-02   6.5001315e+00
   6.9680743e-02   6.9278037e+00
   6.9733546e-02   7.4405715e+00
   6.9786348e-02   7.9516589e+00
   6.9839151e-02   8.4328389e+00
   6.9891953e-02   9.0267791e+00
   6.9944756e-02   9.4591657e+00
   6.9997558e-02   9.8125786e+00
   7.0050361e-02   9.8804694e+00
   7.0103164e-02   1.0089768e+01
   7.0155966e-02   1.0392943e+01
   7.0208769e-02   1.0828701e+01
   7.0261571e-02   1.0905647e+01
   7.0314374e-02   1.1066606e+01
   7.0367176e-02   1.1379587e+01
   7.0419979e-02   1.1417868e+01
   7.0472781e-02   1.1426961e+01
   7.0525584e-02   1.1291030e+01
   7.0578386e-02   1.1255588e+01
   7.0631189e-02   1.1139846e+01
   7.0683991e-02   1.0716911e+01
   7.0736794e-02   1.0521852e+01
   7.0789596e-02   1.0138079e+01
   7.0842399e-02   9.9087522e+00
   7.0895201e-02   9.5959334e+00
   7.0948004e-02   9.0332112e+00
   7.1000806e-02   8.6871373e+00
   7.1053609e-02   8.2932146e+00
   7.1106411e-02   8.0225853e+00
   7.1159214e-02   7.7438557e+00
   7.1212016e-02   7.4769261e+00
   7.1264819e-02   7.2765604e+00
   7.1317621e-02   7.0769756e+00
   7.1370424e-02   6.9647269e+00
   7.1423226e-02   6.7771329e+00
   7.1476029e-02   6.7588984e+00
   7.1528831e-02   6.5368159e+00
   7.1581634e-02   6.2987346e+00
   7.1634436e-02   6.0865795e+00
   7.1687239e-02   6.1102983e+00
   7.1740041e-02   6.0466242e+00
   7.1792844e-02   5.8409625e+00
   7.1845646e-02   5.5021467e+00
   7.1898449e-02   5.4476703e+00
   7.1951251e-02   5.2990736e+00
   7.2004054e-02   5.0470584e+00
   7.2056856e-02   4.9240224e+00
   7.2109659e-02   4.8609501e+00
   7.2162461e-02   4.7841948e+00
   7.2215263e-02   4.5967805e+00
   7.2268066e-02   4.4022437e+00
   7.2320868e-02   4.5322528e+00
   7.2373671e-02   4.3801022e+00
   7.2426473e-02   4.2538560e+00
   7.2479276e-02   4.3237866e+00
   7.2532078e-02   4.1606196e+00
   7.2584881e-02   4.0741026e+00
   7.2637683e-02   3.9836905e+00
   7.2690486e-02   3.8001322e+00
   7.2743288e-02   3.8026279e+00
   7.2796090e-02   3.9732341e+00
   7.2848893e-02   3.9650856e+00
   7.2901695e-02   4.0177915e+00
   7.2954498e-02   3.8288849e+00
   7.3007300e-02   3.7156100e+00
   7.3060103e-02   3.7917083e+00
   7.3112905e-02   3.7673436e+00
   7.3165707e-02   3.7014910e+00
   7.3218510e-02   3.7063794e+00
   7.3271312e-02   3.7031751e+00
   7.3324115e-02   3.7301775e+00
   7.3376917e-02   3.7702752e+00
   7.3429720e-02   3.8519923e+00
   7.3482522e-02   3.8336186e+00
   7.3535324e-02   4.0223650e+00
   7.3588127e-02   4.1719408e+00
   7.3640929e-02   4.2685760e+00
   7.3693732e-02   4.3936304e+00
   7.3746534e-02   4.6414164e+00
   7.3799336e-02   4.8457184e+00
   7.3852139e-02   4.9140039e+00
   7.3904941e-02   4.8830353e+00
   7.3957744e-02   5.1089932e+00
   7.4010546e-02   5.3168869e+00
   7.4063348e-02   5.5417390e+00
   7.4116151e-02   5.8035260e+00
   7.4168953e-02   5.9098252e+00
   7.4221755e-02   6.0250558e+00
   7.4274558e-02   6.2838211e+00
   7.4327360e-02   6.6433738e+00
   7.4380163e-02   6.8353815e+00
   7.4432965e-02   6.9413289e+00
   7.4485767e-02   7.0003513e+00
   7.4538570e-02   6.8016090e+00
   7.4591372e-02   6.8547093e+00
   7.4644174e-02   6.9201167e+00
   7.4696977e-02   6.8136996e+00
   7.4749779e-02   6.7972058e+00
   7.4802582e-02   6.5970867e+00
   7.4855384e-02   6.6048998e+00
   7.4908186e-02   6.4809131e+00
   7.4960989e-02   6.3885181e+00
   7.5013791e-02   6.3241372e+00
   7.5066593e-02   6.0804420e+00
   7.5119396e-02   5.8456066e+00
   7.5172198e-02   5.6723852e+00
   7.5225000e-02   5.5805231e+00
   7.5277803e-02   5.3526451e+00
   7.5330605e-02   5.0906289e+00
   7.5383407e-02   4.8760709e+00
   7.5436210e-02   4.6907875e+00
   7.5489012e-02   4.3913600e+00
   7.5541814e-02   4.2453550e+00
   7.5594617e-02   4.1416943e+00
   7.5647419e-02   4.0034607e+00
   7.5700221e-02   3.7901674e+00
   7.5753024e-02   3.6197523e+00
   7.5805826e-02   3.4300052e+00
   7.5858628e-02   3.3157152e+00
   7.5911431e-02   3.3442554e+00
   7.5964233e-02   3.2639028e+00
   7.6017035e-02   3.0906761e+00
   7.6069838e-02   3.0313011e+00
   7.6122640e-02   2.9157104e+00
   7.6175442e-02   2.7796561e+00
   7.6228245e-02   2.8853782e+00
   7.6281047e-02   2.7860772e+00
   7.6333849e-02   2.7030575e+00
   7.6386652e-02   2.7211377e+00
   7.6439454e-02   2.6701508e+00
   7.6492256e-02   2.5665848e+00
   7.6545058e-02   2.4869311e+00
   7.6597861e-02   2.5364333e+00
   7.6650663e-02   2.5195443e+00
   7.6703465e-02   2.5397975e+00
   7.6756268e-02   2.5664226e+00
   7.6809070e-02   2.2369616e+00
   7.6861872e-02   2.3377596e+00
   7.6914674e-02   2.4039702e+00
   7.6967477e-02   2.3866014e+00
   7.7020279e-02   2.4186771e+00
   7.7073081e-02   2.3889334e+00
   7.7125884e-02   2.3634916e+00
   7.7178686e-02   2.3526908e+00
   7.7231488e-02   2.3625591e+00
   7.7284290e-02   2.4199158e+00
   7.7337093e-02   2.3895244e+00
   7.7389895e-02   2.4714937e+00
   7.7442697e-02   2.3327832e+00
   7.7495499e-02   2.3501555e+00
   7.7548302e-02   2.4086918e+00
   7.7601104e-02   2.4709390e+00
   7.7653906e-02   2.3919583e+00
   7.7706708e-02   2.5127666e+00
   7.7759511e-02   2.6108569e+00
   7.7812313e-02   2.5818152e+00
   7.7865115e-02   2.6762952e+00
   7.7917917e-02   2.7653214e+00
   7.7970720e-02   2.7292626e+00
   7.8023522e-02   2.8450346e+00
   7.8076324e-02   3.0191984e+00
   7.8129126e-02   3.0377545e+00
   7.8181929e-02   3.0443988e+00
   7.8234731e-02   3.1827905e+00
   7.8287533e-02   3.3118403e+00
   7.8340335e-02   3.4770624e+00
   7.8393137e-02   3.5666960e+00
   7.8445940e-02   3.6378584e+00
   7.8498742e-02   3.8356521e+00
   7.8551544e-02   3.9278818e+00
   7.8604346e-02   3.9607907e+00
   7.8657148e-02   4.0450878e+00
   7.8709951e-02   4.0990811e+00
   7.8762753e-02   3.9643133e+00
   7.8815555e-02   4.0000995e+00
   7.8868357e-02   4.0231533e+00
   7.8921159e-02   4.0428180e+00
   7.8973962e-02   4.1685759e+00
   7.9026764e-02   4.1426823e+00
   7.9079566e-02   3.8929445e+00
   7.9132368e-02   3.7953731e+00
   7.9185170e-02   3.8242604e+00
   7.9237973e-02   3.6303084e+00
   7.9290775e-02   3.4937058e+00
   7.9343577e-02   3.4948330e+00
   7.9396379e-02   3.3980983e+00
   7.9449181e-02   3.2392584e+00
   7.9501984e-02   3.3270707e+00
   7.9554786e-02   3.3265747e+00
   7.9607588e-02   3.1342095e+00
   7.9660390e-02   3.2834742e+00
   7.9713192e-02   3.1055531e+00
   7.9765994e-02   2.9934453e+00
   7.9818797e-02   3.0789778e+00
   7.9871599e-02   3.0979470e+00
   7.9924401e-02   3.0675478e+00
   7.9977203e-02   3.0672027e+00
   8.0030005e-02   2.9560454e+00
   8.0082807e-02   2.8928776e+00
   8.0135609e-02   2.8596642e+00
   8.0188412e-02   2.9310208e+00
   8.0241214e-02   2.9414449e+00
   8.0294016e-02   2.8327489e+00
   8.0346818e-02   2.6838770e+00
   8.0399620e-02   2.6898870e+00
   8.0452422e-02   2.4795397e+00
   8.0505224e-02   2.3261247e+00
   8.0558027e-02   2.3435330e+00
   8.0610829e-02   2.4725700e+00
   8.0663631e-02   2.3856286e+00
   8.0716433e-02   2.3224905e+00
   8.0769235e-02   2.1911494e+00
   8.0822037e-02   2.2165972e+00
   8.0874839e-02   2.1245731e+00
   8.0927641e-02   2.1161609e+00
   8.0980444e-02   2.1270281e+00
   8.1033246e-02   1.8637294e+00
   8.1086048e-02   1.8896537e+00
   8.1138850e-02   1.8925267e+00
   8.1191652e-02   1.9004951e+00
   8.1244454e-02   1.9379077e+00
   8.1297256e-02   1.7498204e+00
   8.1350058e-02   1.8708787e+00
   8.1402860e-02   1.7053946e+00
   8.1455663e-02   1.5710795e+00
   8.1508465e-02   1.6052196e+00
   8.1561267e-02   1.6565214e+00
   8.1614069e-02   1.7442209e+00
   8.1666871e-02   1.8286611e+00
   8.1719673e-02   1.7272048e+00
   8.1772475e-02   1.5878017e+00
   8.1825277e-02   1.4840179e+00
   8.1878079e-02   1.6352236e+00
   8.1930881e-02   1.5249918e+00
   8.1983683e-02   1.6330970e+00
   8.2036485e-02   1.6147792e+00
   8.2089288e-02   1.5771689e+00
   8.2142090e-02   1.6047399e+00
   8.2194892e-02   1.6717860e+00
   8.2247694e-02   1.6814357e+00
   8.2300496e-02   1.7484795e+00
   8.2353298e-02   1.7791168e+00
   8.2406100e-02   1.7657162e+00
   8.2458902e-02   1.7582437e+00
   8.2511704e-02   1.6888718e+00
   8.2564506e-02   1.7645050e+00
   8.2617308e-02   1.8106273e+00
   8.2670110e-02   1.8150806e+00
   8.2722912e-02   1.7276291e+00
   8.2775714e-02   1.7748587e+00
   8.2828516e-02   1.8025395e+00
   8.2881318e-02   1.7708461e+00
   8.2934120e-02   1.8031508e+00
   8.2986922e-02   1.8382486e+00
   8.3039724e-02   1.8624825e+00
   8.3092526e-02   1.9307553e+00
   8.3145328e-02   2.0098858e+00
   8.3198130e-02   1.8686473e+00
   8.3250932e-02   1.7807603e+00
   8.3303734e-02   1.7326786e+00
   8.3356536e-02   1.5815997e+00
   8.3409339e-02   1.7087191e+00
   8.3462141e-02   1.7086072e+00
   8.3514943e-02   1.5135930e+00
   8.3567745e-02   1.4863877e+00
   8.3620547e-02   1.4780860e+00
   8.3673349e-02   1.5201977e+00
   8.3726151e-02   1.4229431e+00
   8.3778953e-02   1.3710962e+00
   8.3831755e-02   1.3167252e+00
   8.3884557e-02   1.1414499e+00
   8.3937359e-02   1.1032709e+00
   8.3990160e-02   1.0817600e+00
   8.4042962e-02   1.2406652e+00
   8.4095764e-02   1.1470502e+00
   8.4148566e-02   1.2257863e+00
   8.4201368e-02   1.0953550e+00
   8.4254170e-02   1.0426021e+00
   8.4306972e-02   1.0019144e+00
   8.4359774e-02   9.0587381e-01
   8.4412576e-02   9.5999131e-01
   8.4465378e-02   8.1241308e-01
   8.4518180e-02   9.2099886e-01
   8.4570982e-02   8.9193349e-01
   8.4623784e-02   8.4361694e-01
   8.4676586e-02   8.7261891e-01
   8.4729388e-02   9.4481227e-01
   8.4782190e-02   8.6493305e-01
   8.4834992e-02   8.2105433e-01
   8.4887794e-02   8.5438578e-01
   8.4940596e-02   8.1312824e-01
   8.4993398e-02   7.5369231e-01
   8.5046200e-02   6.8136304e-01
   8.5099002e-02   5.1083574e-01
   8.5151804e-02   7.1509970e-01
   8.5204606e-02   8.4362565e-01
   8.5257408e-02   7.8031468e-01
   8.5310209e-02   6.9657042e-01
   8.5363011e-02   6.4031551e-01
   8.5415813e-02   7.5622688e-01
   8.5468615e-02   6.8343243e-01
   8.5521417e-02   5.9162801e-01
   8.5574219e-02   6.8027902e-01
   8.5627021e-02   5.1890709e-01
   8.5679823e-02   7.0523244e-01
   8.5732625e-02   7.2593902e-01
   8.5785427e-02   7.9983353e-01
   8.5838229e-02   7.2651579e-01
   8.5891031e-02   7.9760899e-01
   8.5943832e-02   9.3141634e-01
   8.5996634e-02   8.6800315e-01
   8.6049436e-02   7.3005397e-01
   8.6102238e-02   5.9005287e-01
   8.6155040e-02   7.5012514e-01
   8.6207842e-02   6.2263297e-01
   8.6260644e-02   7.7913470e-01
   8.6313446e-02   8.6904798e-01
   8.6366248e-02   7.6556191e-01
   8.6419049e-02   7.5619165e-01
   8.6471851e-02   5.8231982e-01
   8.6524653e-02   5.9595453e-01
   8.6577455e-02   5.6698593e-01
   8.6630257e-02   6.6944367e-01
   8.6683059e-02   7.0717116e-01
   8.6735861e-02   8.5423082e-01
   8.6788663e-02   7.1709079e-01
   8.6841464e-02   6.5960343e-01
   8.6894266e-02   6.9091288e-01
   8.6947068e-02   7.3409111e-01
   8.6999870e-02   6.7724937e-01
   8.7052672e-02   7.3523872e-01
   8.7105474e-02   9.3884714e-01
   8.7158276e-02   7.3482460e-01
   8.7211077e-02   7.7738510e-01
   8.7263879e-02   7.2652681e-01
   8.7316681e-02   6.1425472e-01
   8.7369483e-02   6.4701504e-01
   8.7422285e-02   7.3387543e-01
   8.7475087e-02   6.3658113e-01
   8.7527888e-02   8.4580297e-01
   8.7580690e-02   6.3291715e-01
   8.7633492e-02   5.8799487e-01
   8.7686294e-02   6.5935526e-01
   8.7739096e-02   6.7288439e-01
   8.7791898e-02   6.8192830e-01
   8.7844699e-02   6.4866385e-01
   8.7897501e-02   7.3287636e-01
   8.7950303e-02   8.0410356e-01
   8.8003105e-02   8.2627201e-01
   8.8055907e-02   8.3591358e-01
   8.8108708e-02   6.5414409e-01
   8.8161510e-02   5.8839460e-01
   8.8214312e-02   8.0286259e-01
   8.8267114e-02   6.0109875e-01
   8.8319916e-02   5.1720273e-01
   8.8372717e-02   5.1011170e-01
   8.8425519e-02   4.9478360e-01
   8.8478321e-02   4.2592958e-01
   8.8531123e-02   4.6889458e-01
   8.8583925e-02   5.8488671e-01
   8.8636726e-02   4.2162335e-01
   8.8689528e-02   4.6650820e-01
   8.8742330e-02   5.1981501e-01
   8.8795132e-02   4.0446277e-01
   8.8847933e-02   4.0889712e-01
   8.8900735e-02   3.7795766e-01
   8.8953537e-02   3.4330214e-01
   8.9006339e-02   5.5870562e-01
   8.9059140e-02   4.9148268e-01
   8.9111942e-02   4.5805812e-01
   8.9164744e-02   3.9896111e-01
   8.9217546e-02   4.3077205e-01
   8.9270348e-02   4.8011348e-01
   8.9323149e-02   4.2765947e-01
   8.9375951e-02   3.7221299e-01
   8.9428753e-02   4.5925100e-01
   8.9481554e-02   4.5201853e-01
   8.9534356e-02   3.8428704e-01
   8.9587158e-02   4.2502991e-01
   8.9639960e-02   3.0121749e-01
   8.9692761e-02   2.4323832e-01
   8.9745563e-02   3.0326535e-01
   8.9798365e-02   3.2552470e-01
   8.9851167e-02   3.5654582e-01
   8.9903968e-02   3.9805866e-01
   8.9956770e-02   3.9904771e-01
   9.0009572e-02   3.4275700e-01
   9.0062374e-02   3.9682508e-01
   9.0115175e-02   3.5664606e-01
   9.0167977e-02   2.2442663e-01
   9.0220779e-02   4.1327468e-01
   9.0273580e-02   3.8959216e-01
   9.0326382e-02   2.7662590e-01
   9.0379184e-02   6.2933611e-02
   9.0431985e-02   2.3591091e-01
   9.0484787e-02   4.1341526e-01
   9.0537589e-02   4.3485180e-01
   9.0590391e-02   4.9756767e-01
   9.0643192e-02   4.5116868e-01
   9.0695994e-02   2.0096110e-01
   9.0748796e-02   2.9384164e-01
   9.0801597e-02   4.5293990e-01
   9.0854399e-02   4.1214173e-01
   9.0907201e-02   4.5565548e-01
   9.0960002e-02   2.3281939e-01
   9.1012804e-02   2.9833095e-01
   9.1065606e-02   3.9912894e-01
   9.1118407e-02   3.0931755e-01
   9.1171209e-02   2.6017704e-01
   9.1224011e-02   3.4708024e-01
   9.1276812e-02   3.5020481e-01
   9.1329614e-02   2.5300809e-01
   9.1382416e-02   2.4998346e-01
   9.1435217e-02   8.3602466e-02
   9.1488019e-02   6.2304846e-02
   9.1540821e-02   1.3185763e-01
   9.1593622e-02   2.2481674e-01
   9.1646424e-02   4.0608295e-01
   9.1699225e-02   2.8428281e-01
   9.1752027e-02   3.7001933e-01
   9.1804829e-02   1.9834227e-01
   9.1857630e-02   1.8928624e-01
   9.1910432e-02   9.7692741e-02
   9.1963234e-02   1.3420622e-01
   9.2016035e-02  -3.5195150e-02
   9.2068837e-02   1.7793489e-01
   9.2121639e-02   3.4328419e-02
   9.2174440e-02   9.9024929e-02
   9.2227242e-02   8.1826669e-03
   9.2280043e-02   2.0558121e-01
   9.2332845e-02   1.0990464e-01
   9.2385647e-02   1.9328762e-01
   9.2438448e-02   1.1915609e-01
   9.2491250e-02   1.0923983e-01
   9.2544051e-02  -5.7034952e-02
   9.2596853e-02   4.5505132e-02
   9.2649655e-02  -1.1658518e-02
   9.2702456e-02   7.4953714e-02
   9.2755258e-02   2.6949088e-02
   9.2808059e-02   2.8336113e-02
   9.2860861e-02   2.4569531e-01
   9.2913663e-02   2.7164951e-01
   9.2966464e-02   3.5910354e-02
   9.3019266e-02   1.0608106e-01
   9.3072067e-02   2.9794261e-01
   9.3124869e-02   1.3719484e-01
   9.3177670e-02   1.4279574e-01
   9.3230472e-02   1.4403820e-01
   9.3283274e-02   1.3256472e-01
   9.3336075e-02  -7.4671314e-02
   9.3388877e-02  -6.4394620e-02
   9.3441678e-02   4.2621602e-02
   9.3494480e-02   2.7182922e-03
   9.3547281e-02   9.7944986e-02
   9.3600083e-02   1.8841121e-01
   9.3652884e-02   1.2557673e-01
   9.3705686e-02   1.2184044e-01
   9.3758487e-02   7.2336382e-02
   9.3811289e-02  -1.2980693e-02
   9.3864091e-02   1.9293617e-01
   9.3916892e-02  -1.8810095e-01
   9.3969694e-02  -2.0964142e-01
   9.4022495e-02  -1.9739080e-02
   9.4075297e-02  -8.5473021e-04
   9.4128098e-02   3.2244189e-02
   9.4180900e-02   1.1651893e-01
   9.4233701e-02   4.3472716e-02
   9.4286503e-02   1.2559899e-01
   9.4339304e-02   1.5511984e-01
   9.4392106e-02  -3.2552570e-03
   9.4444907e-02  -4.0349912e-02
   9.4497709e-02  -1.7596729e-01
   9.4550510e-02   2.5039130e-02
   9.4603312e-02   2.4018703e-01
   9.4656113e-02   2.2580314e-03
   9.4708915e-02  -2.7175742e-02
   9.4761716e-02   1.0601775e-01
   9.4814518e-02  -3.0525364e-03
   9.4867319e-02   9.4171683e-02
   9.4920121e-02   1.7760357e-02
   9.4972922e-02  -7.8182068e-02
   9.5025724e-02  -1.5412747e-01
   9.5078525e-02   4.2427088e-02
   9.5131327e-02  -2.0972770e-03
   9.5184128e-02   3.9263526e-02
   9.5236930e-02   5.3487076e-02
   9.5289731e-02   6.9021168e-02
   9.5342533e-02   7.2172547e-02
   9.5395334e-02   1.1807761e-01
   9.5448135e-02   2.0108277e-01
   9.5500937e-02   1.0683792e-01
   9.5553738e-02   2.8576401e-02
   9.5606540e-02   6.5491045e-02
   9.5659341e-02   1.7007085e-01
   9.5712143e-02  -1.0357197e-01
   9.5764944e-02  -8.3864197e-03
   9.5817746e-02  -5.0155744e-02
   9.5870547e-02  -2.5965913e-01
   9.5923348e-02  -1.5870793e-01
   9.5976150e-02  -3.8036120e-02
   9.6028951e-02   6.6706976e-02
   9.6081753e-02   4.5564826e-02
   9.6134554e-02  -1.2937003e-01
   9.6187356e-02  -1.1590295e-01
   9.6240157e-02   4.3109421e-02
   9.6292958e-02  -1.7535366e-02
   9.6345760e-02  -2.6673152e-01
   9.6398561e-02  -1.7466134e-01
   9.6451363e-02   9.1415447e-02
   9.6504164e-02  -3.0660186e-02
   9.6556965e-02   1.5202217e-01
   9.6609767e-02  -3.4730478e-02
   9.6662568e-02   9.5126686e-02
   9.6715370e-02   5.5581517e-02
   9.6768171e-02  -1.2417964e-01
   9.6820972e-02   1.4176824e-01
   9.6873774e-02   3.1657489e-02
   9.6926575e-02  -1.2515320e-02
   9.6979377e-02  -5.9628212e-02
   9.7032178e-02   8.6408101e-02
   9.7084979e-02  -5.9407759e-02
   9.7137781e-02  -1.4309291e-01
   9.7190582e-02  -1.3413214e-01
   9.7243384e-02  -8.2946498e-02
   9.7296185e-02   1.2056180e-01
   9.7348986e-02  -1.6381366e-01
   9.7401788e-02  -1.3136783e-01
   9.7454589e-02  -1.4180863e-01
   9.7507390e-02  -8.4416909e-02
   9.7560192e-02   5.6955544e-02
   9.7612993e-02  -9.3155261e-02
   9.7665794e-02  -3.6269022e-01
   9.7718596e-02  -2.3580112e-01
   9.7771397e-02  -1.5706570e-01
   9.7824198e-02  -1.2656353e-01
   9.7877000e-02   6.3648839e-02
   9.7929801e-02   5.3267442e-04
   9.7982602e-02  -1.1316623e-02
   9.8035404e-02  -2.8027319e-02
   9.8088205e-02   1.8399127e-01
   9.8141006e-02   2.4306430e-02
   9.8193808e-02  -1.2239308e-01
   9.8246609e-02  -5.9155368e-02
   9.8299410e-02  -5.1378059e-02
   9.8352212e-02  -6.1537443e-02
   9.8405013e-02  -1.4292535e-02
   9.8457814e-02  -8.2255758e-02
   9.8510616e-02  -2.4041849e-01
   9.8563417e-02  -1.0253984e-01
   9.8616218e-02   1.1898188e-01
   9.8669020e-02  -7.5124419e-02
   9.8721821e-02  -5.4894165e-02
   9.8774622e-02  -7.6172742e-02
   9.8827423e-02  -1.0748072e-01
   9.8880225e-02  -9.8945153e-03
   9.8933026e-02  -1.4398500e-01
   9.8985827e-02  -1.3045434e-01
   9.9038629e-02  -2.0962490e-01
   9.9091430e-02  -5.0039382e-02
   9.9144231e-02  -5.1324083e-02
   9.9197032e-02   1.2659522e-01
   9.9249834e-02  -3.6778078e-02
   9.9302635e-02   2.0470546e-02
   9.9355436e-02  -2.3078194e-01
   9.9408237e-02  -3.3875382e-02
   9.9461039e-02  -3.0890602e-01
   9.9513840e-02  -5.5584219e-02
   9.9566641e-02   7.2522987e-02
   9.9619442e-02   1.0910032e-01
   9.9672244e-02   1.6191242e-01
   9.9725045e-02   3.9596602e-01
   9.9777846e-02  -8.6307038e-03
   9.9830647e-02  -1.9530883e-01
   9.9883449e-02  -2.4978848e-01
   9.9936250e-02  -2.0875674e-01
   9.9989051e-02  -4.0978597e-02
   1.0004185e-01  -1.3115643e-01
   1.0009465e-01  -9.2890561e-02
   1.0014745e-01  -9.5821284e-03
   1.0020026e-01  -2.0175397e-01
   1.0025306e-01   1.5512470e-02
   1.0030586e-01  -1.1960686e-01
   1.0035866e-01  -3.1734792e-01
   1.0041146e-01   9.1061214e-02
   1.0046426e-01   1.8944814e-01
   1.0051706e-01   1.4845451e-01
   1.0056986e-01   1.7276492e-01
   1.0062267e-01  -2.0590786e-02
   1.0067547e-01   1.7112182e-01
   1.0072827e-01  -8.3618249e-02
   1.0078107e-01   7.1363586e-02
   1.0083387e-01   1.8823490e-01
   1.0088667e-01  -1.7516312e-01
   1.0093947e-01  -3.0369311e-01
   1.0099227e-01  -3.6820970e-01
   1.0104508e-01   7.2415631e-02
   1.0109788e-01   1.2744531e-02
   1.0115068e-01   2.5080738e-02
   1.0120348e-01  -5.0728114e-03
   1.0125628e-01  -7.3309995e-02
   1.0130908e-01   1.8131548e-01
   1.0136188e-01   6.0169919e-02
   1.0141468e-01  -1.5037535e-01
   1.0146748e-01  -1.5194697e-02
   1.0152029e-01  -1.6788866e-01
   1.0157309e-01  -1.8875923e-01
   1.0162589e-01  -2.1240461e-01
   1.0167869e-01  -1.5780255e-01
   1.0173149e-01  -3.1860435e-01
   1.0178429e-01  -2.7867493e-01
   1.0183709e-01  -8.5172555e-02
   1.0188989e-01  -1.6944785e-01
   1.0194269e-01  -1.0784985e-01
   1.0199550e-01   5.2705268e-02
   1.0204830e-01   1.6897908e-01
   1.0210110e-01   1.9359924e-02
   1.0215390e-01  -4.7288180e-03
   1.0220670e-01   9.7348165e-02
   1.0225950e-01  -3.3039035e-01
   1.0231230e-01  -1.8032526e-01
   1.0236510e-01  -1.6711863e-01
   1.0241790e-01   4.8323784e-02
   1.0247071e-01  -1.5845902e-01
   1.0252351e-01  -1.8324004e-01
   1.0257631e-01  -1.2696839e-01
   1.0262911e-01   2.0147982e-01
   1.0268191e-01   2.0027465e-01
   1.0273471e-01  -1.1925353e-01
   1.0278751e-01  -2.0430756e-01
   1.0284031e-01  -3.1433744e-01
   1.0289311e-01  -2.9332168e-01
   1.0294592e-01   3.0621244e-01
   1.0299872e-01  -2.4534218e-01
   1.0305152e-01  -1.7271009e-01
   1.0310432e-01   4.0864967e-02
   1.0315712e-01   5.8051423e-02
   1.0320992e-01   2.5420052e-01
   1.0326272e-01  -2.5576022e-01
   1.0331552e-01  -3.6086487e-01
   1.0336832e-01  -3.8065594e-01
   1.0342113e-01  -3.9232138e-01
   1.0347393e-01   1.0826328e-01
   1.0352673e-01   1.2093096e-01
   1.0357953e-01  -1.7629818e-02
   1.0363233e-01  -1.0469412e-02
   1.0368513e-01  -4.5065249e-01
   1.0373793e-01   6.8103544e-02
   1.0379073e-01  -7.2081549e-02
   1.0384353e-01  -2.3278447e-01
   1.0389633e-01  -2.0328704e-01
   1.0394914e-01  -1.2956363e-01
   1.0400194e-01  -2.5692762e-02
   1.0405474e-01   3.7699485e-02
   1.0410754e-01  -1.2551345e-01
   1.0416034e-01  -7.0336803e-02
   1.0421314e-01  -7.6426685e-02
   1.0426594e-01   2.0934414e-02
   1.0431874e-01  -8.6796386e-02
   1.0437154e-01   2.5693301e-01
   1.0442434e-01   1.7058430e-01
   1.0447715e-01  -8.2231990e-03
   1.0452995e-01   1.2761239e-01
   1.0458275e-01   1.6881762e-02
   1.0463555e-01  -2.8039050e-02
   1.0468835e-01   6.1778453e-02
   1.0474115e-01   9.2401697e-02
   1.0479395e-01  -1.4456197e-01
   1.0484675e-01  -1.4275031e-01
   1.0489955e-01  -2.6263686e-02
   1.0495235e-01   7.7773551e-02
   1.0500516e-01  -4.7709795e-02
   1.0505796e-01   6.8011528e-02
   1.0511076e-01  -4.9682708e-02
   1.0516356e-01  -2.4153625e-01
   1.0521636e-01   7.0216201e-02
   1.0526916e-01  -7.0905323e-02
   1.0532196e-01  -7.0119234e-03
   1.0537476e-01  -2.3466914e-02
   1.0542756e-01   2.9556013e-01
   1.0548036e-01  -1.1200009e-01
   1.0553317e-01  -2.4282961e-01
   1.0558597e-01   8.7839955e-02
   1.0563877e-01  -9.3270643e-02
   1.0569157e-01  -8.0361387e-03
   1.0574437e-01  -6.9643876e-02
   1.0579717e-01  -2.1531266e-01
   1.0584997e-01  -2.1569319e-01
   1.0590277e-01  -3.1738355e-01
   1.0595557e-01   1.0179005e-01
   1.0600837e-01   5.1916954e-02
   1.0606117e-01   3.8154717e-02
   1.0611398e-01  -9.1974112e-02
   1.0616678e-01   9.4051447e-02
   1.0621958e-01   1.1089032e-01
   1.0627238e-01  -1.3890152e-01
   1.0632518e-01   1.8124948e-01
   1.0637798e-01   3.1634797e-01
   1.0643078e-01   2.4523264e-01
   1.0648358e-01  -2.3089795e-01
   1.0653638e-01   1.2481205e-01
   1.0658918e-01  -1.0954813e-01
   1.0664198e-01  -5.6803157e-02
   1.0669478e-01  -1.0775119e-02
   1.0674759e-01  -1.3482216e-01
   1.0680039e-01   8.2683101e-02
   1.0685319e-01   2.9260834e-01
   1.0690599e-01   2.8571683e-02
   1.0695879e-01  -9.0240997e-02
   1.0701159e-01   1.1047305e-01
   1.0706439e-01   1.6373232e-01
   1.0711719e-01  -5.2168651e-02
   1.0716999e-01  -7.8719655e-02
   1.0722279e-01   6.8209571e-02
   1.0727559e-01  -8.8534789e-02
   1.0732840e-01  -7.4218500e-03
   1.0738120e-01  -3.6478562e-01
   1.0743400e-01  -1.9479353e-01
   1.0748680e-01   2.9704008e-01
   1.0753960e-01  -6.2882326e-03
   1.0759240e-01   1.0395021e-01
   1.0764520e-01  -1.5002063e-01
   1.0769800e-01   1.8652344e-01
   1.0775080e-01  -1.0157148e-01
   1.0780360e-01  -6.9576287e-03
   1.0785640e-01   3.4549544e-01
   1.0790920e-01   3.2251704e-01
   1.0796201e-01  -4.3898625e-02
   1.0801481e-01   2.5144823e-01
   1.0806761e-01  -2.4146470e-01
   1.0812041e-01   2.1667428e-01
   1.0817321e-01  -1.0821895e-01
   1.0822601e-01   1.8806921e-01
   1.0827881e-01   6.1251138e-02
   1.0833161e-01   1.1969844e-01
   1.0838441e-01   2.6004131e-02
   1.0843721e-01  -4.8354542e-01
   1.0849001e-01  -1.6181381e-01
   1.0854281e-01  -7.0457899e-02
   1.0859561e-01  -2.3629253e-01
   1.0864842e-01   4.4007149e-02
   1.0870122e-01   1.5302278e-01
   1.0875402e-01   1.2024046e-01
   1.0880682e-01   1.6002638e-01
   1.0885962e-01   2.3804455e-01
   1.0891242e-01   1.5073314e-01
   1.0896522e-01   3.1525247e-01
   1.0901802e-01   2.6633124e-01
   1.0907082e-01   2.3646054e-01
   1.0912362e-01   1.8403955e-02
   1.0917642e-01   4.3500967e-02
   1.0922922e-01   3.1688926e-01
   1.0928202e-01  -8.0238237e-02
   1.0933482e-01   5.9006815e-02
   1.0938763e-01   2.2194042e-01
   1.0944043e-01   4.4162183e-01
   1.0949323e-01   4.6837754e-01
   1.0954603e-01   2.2198719e-01
   1.0959883e-01   4.5188133e-01
   1.0965163e-01   3.3634265e-01
   1.0970443e-01  -1.7668146e-01
   1.0975723e-01   2.4105370e-01
   1.0981003e-01   2.5257374e-01
   1.0986283e-01   4.9430348e-01
   1.0991563e-01   2.4565943e-01
   1.0996843e-01   1.8691150e-02
   1.1002123e-01   1.8712346e-02
   1.1007403e-01  -4.3230023e-01
   1.1012684e-01  -4.3680340e-01
   1.1017964e-01  -2.9901368e-01
   1.1023244e-01  -4.6929476e-01
   1.1028524e-01  -6.1170857e-01
   1.1033804e-01   2.0822148e-01
   1.1039084e-01   1.6550107e-01
   1.1044364e-01   1.6008208e-01
   1.1049644e-01  -4.6699048e-03
   1.1054924e-01   2.4999784e-01
   1.1060204e-01   2.9637867e-02
   1.1065484e-01  -1.7968438e-01
   1.1070764e-01  -2.7530230e-01
   1.1076044e-01  -3.8172520e-01
   1.1081324e-01   3.6953107e-03
   1.1086604e-01   2.0729417e-01
   1.1091885e-01   3.4399277e-03
   1.1097165e-01   2.6924587e-01
   1.1102445e-01  -1.5062879e-01
   1.1107725e-01   1.3358512e-01
   1.1113005e-01  -3.4870648e-01
   1.1118285e-01  -1.3632753e-01
   1.1123565e-01  -6.2361274e-02
   1.1128845e-01   1.0455970e-01
   1.1134125e-01   5.7450036e-01
   1.1139405e-01   8.5457483e-01
   1.1144685e-01   6.2039613e-01
   1.1149965e-01   1.4464805e-01
   1.1155245e-01  -5.7152319e-01
   1.1160525e-01   6.7398948e-02
   1.1165805e-01  -5.6391145e-02
   1.1171085e-01  -5.2375398e-01
   1.1176366e-01  -2.2513385e-01
   1.1181646e-01   3.3711435e-01
   1.1186926e-01  -1.5899901e-01
   1.1192206e-01  -9.9854227e-01
   1.1197486e-01  -2.7487011e-01
   1.1202766e-01  -1.1302009e-01
   1.1208046e-01   1.8154196e-01
   1.1213326e-01   3.8737931e-01
   1.1218606e-01   1.9452121e-02
   1.1223886e-01   5.8833605e-01
   1.1229166e-01   9.2300183e-01
   1.1234446e-01   8.5436875e-01
   1.1239726e-01  -3.0131686e-02
   1.1245006e-01  -6.7307791e-01
   1.1250286e-01   1.8905360e-01
   1.1255566e-01  -3.7765598e-01
   1.1260846e-01  -1.0567849e+00
   1.1266126e-01   6.1547439e-01
   1.1271407e-01   6.9287074e-02
   1.1276687e-01   7.4900440e-01
   1.1281967e-01   5.6758718e-01
   1.1287247e-01   5.1081645e-01
   1.1292527e-01   9.9753052e-01
   1.1297807e-01   1.2420038e+00
   1.1303087e-01  -8.4696219e-01
   1.1308367e-01  -3.4136471e-01
   1.1313647e-01  -2.1274925e-01
   1.1318927e-01   4.3794922e-01
